600000
600004
600006
600007
600008
600009
600010
600011
600015
600016
600017
600018
600019
600020
600021
600022
600023
600026
600027
600028
600029
600030
600031
600033
600036
600038
600048
600050
600061
600066
600067
600068
600089
600100
600104
600111
600115
600118
600132
600150
600160
600176
600177
600183
600188
600196
600219
600221
600233
600271
600276
600297
600309
600316
600325
600340
600346
600352
600362
600369
600372
600383
600390
600406
600436
600438
600460
600489
600498
600519
600522
600535
600547
600570
600583
600588
600600
600612
600618
600626
600633
600642
600660
600690
600703
600705
600745
600763
600795
600809
600837
600848
600859
600867
600872
600886
600887
600893
600895
600900
600919
600926
600958
600999
